-1.636 2.413
-2.957 2.296
-2.871 1.832
-2.696 1.327
-2.272 1.738
-2.393 1.729
-1.762 2.649
-2.598 1.345
-2.020 2.239
-2.398 2.449
-2.414 2.569
-2.545 1.940
-0.735 2.233
-2.379 1.711
-1.895 1.823
-1.849 2.499
-2.602 2.498
-3.130 2.749
-1.913 2.100
-2.433 2.104
-2.124 1.920
-1.072 2.302
-2.481 3.094
-1.844 1.635
-2.035 1.075
-1.865 1.608
-2.703 1.533
-1.537 1.423
-1.809 1.690
-1.176 1.403
-2.877 2.207
-1.834 1.168
-1.831 2.069
-1.917 2.175
-2.482 1.634
-1.917 1.738
-1.946 2.662
-1.765 2.648
-2.604 1.462
-1.998 0.881
-1.944 2.426
-2.156 1.595
-1.098 1.515
-3.709 3.208
-2.474 2.107
-2.571 1.991
-1.886 2.837
-2.014 1.867
-1.873 1.569
-1.937 2.120
-1.986 2.493
0.307 -1.047
-4.123 -0.378
3.704 0.539
-5.962 0.918
-4.240 -0.327
-0.608 0.512
-3.443 1.569
-0.804 1.247
-2.958 0.248
0.924 -3.151
-2.115 0.805
-4.662 1.184
1.019 1.455
-2.393 1.492
1.123 -2.130
0.168 0.846
-3.872 2.626
-2.089 0.381
-2.326 -1.748
-2.838 3.114
-2.223 0.857
0.925 0.604
-0.706 5.280
3.936 0.304
0.160 1.607
-3.245 -0.569
-0.417 1.161
-2.833 -2.492
-3.010 -2.303
-3.356 2.212
-4.991 -2.235
1.204 0.342
-2.079 1.078
-3.762 1.349
-1.082 -2.931
-0.823 2.491
-8.023 0.024
-1.760 0.168
-0.209 1.988
-2.356 -2.281
-0.734 -0.621
-3.045 0.969
-5.206 -0.443
2.203 -1.010
1.072 -1.978
-3.230 0.118
-3.674 -0.838
-3.255 -0.399
-1.287 3.037
-4.385 -2.846
-2.053 1.211
-2.713 0.836
-4.073 -0.909
-1.655 0.357
0.535 -0.393
-0.460 1.790
-2.315 2.848
-0.658 -0.788
-0.079 1.463
-4.871 -0.099
-4.295 1.703
-2.091 -0.367
-4.903 4.633
-2.534 0.165
-2.828 -2.721
-1.212 -3.761
-1.151 1.551
-3.236 1.111
-1.239 -0.034
-1.724 -1.367
2.660 -4.041
-1.818 0.661
-5.944 2.558
-4.394 2.244
-2.540 0.806
-4.883 -0.049
-3.113 -0.457
-4.103 2.683
0.283 3.226
-0.130 -2.662
0.403 0.733
-0.403 0.606
-3.437 -6.852
0.404 3.359
0.251 -1.173
-1.596 -2.166
-1.011 -0.602
-1.703 1.109
-1.739 -4.371
-1.746 0.817
-4.544 -2.334
-6.628 -1.493
-4.571 -2.514
-2.724 -0.013
-2.473 1.586
0.030 1.018
-2.421 0.238
-2.342 -1.351
-5.096 -0.911
5.527 3.552
10.888 1.802
5.429 0.757
3.231 -3.239
8.987 4.426
4.898 -1.611
4.626 0.283
5.537 0.983
7.987 -2.235
6.143 -0.569
6.666 0.271
5.999 1.284
9.017 -0.999
3.806 0.903
6.154 0.241
6.672 2.719
5.871 0.196
3.813 -1.135
7.881 1.362
9.100 2.771
3.387 1.612
8.083 0.210
3.750 2.651
5.369 -0.193
7.204 -0.956
8.016 -0.652
7.353 -1.839
4.238 1.050
4.381 3.427
4.572 -1.886
6.042 0.937
5.477 2.724
3.756 -0.198
7.936 -1.808
4.342 2.428
6.148 4.070
6.538 -0.435
6.053 2.881
3.857 -0.509
7.087 -1.040
7.807 0.818
6.928 -1.860
3.942 -1.397
4.344 0.454
8.254 0.110
2.058 0.728
10.822 1.194
3.415 -2.787
5.439 -1.172
1.760 -3.119
1.482 -1.594
1.563 3.877
3.382 1.668
5.983 2.140
5.351 2.078
3.195 -0.862
4.795 1.614
5.706 1.580
3.445 1.636
6.017 -0.076
10.823 0.710
7.026 0.657
5.780 0.131
2.183 0.358
6.830 -0.553
4.837 -2.774
8.678 -2.050
5.581 -2.388
4.828 1.030
8.406 -1.226
5.062 -3.970
5.406 3.626
5.479 1.345
4.330 -2.106
5.000 2.141
7.317 2.091
4.434 -1.446
6.710 -1.961
6.589 4.504
5.809 -2.593
8.715 -3.667
5.699 -1.188
1.925 -0.678
6.246 1.263
6.461 0.576
7.807 1.323
5.766 0.125
6.075 -1.896
6.340 1.511
3.371 4.829
5.120 1.404
2.831 0.480
6.816 0.654
5.559 -1.168
7.542 -2.702
8.661 0.265
4.604 -2.113
5.909 -0.765
5.419 3.515
5.866 -0.023
